#load	mesh		torus		hmesh		fat-tree	flbfly
0.02	4.50092e-06	6.38485e-06	4.4941e-06	8.02596e-06	2.45034e-06
0.04	9.21219e-06	1.31041e-05	9.19345e-06	1.57055e-05	5.01584e-06
0.06	1.37552e-05	1.96124e-05	1.37308e-05	2.3953e-05	7.47771e-06
0.08	1.80672e-05	2.57699e-05	1.80384e-05	3.16888e-05	9.81029e-06
0.10	2.28353e-05	3.25918e-05	2.27937e-05	4.00101e-05	1.24176e-05
0.12	2.71696e-05	3.88043e-05	2.71205e-05	4.75016e-05	1.47623e-05
0.14	3.18783e-05	4.54448e-05	3.18264e-05	5.56624e-05	1.73438e-05
0.16	3.67797e-05	5.23837e-05	3.67108e-05	6.38211e-05	2.00419e-05
0.18	4.13499e-05	5.88707e-05	4.12765e-05	7.17611e-05	2.25591e-05
0.20	4.59621e-05	6.54343e-05	4.5878e-05	7.98108e-05	2.50964e-05
0.22	5.06607e-05	7.22112e-05	5.05691e-05	8.80831e-05	2.62651e-05
0.24	5.54878e-05	7.90414e-05	5.53906e-05	9.63902e-05	2.67463e-05
0.26	6.00162e-05	8.55298e-05	5.9897e-05	0.000104126	2.69263e-05
0.28	6.47479e-05	9.22682e-05	6.46266e-05	0.000112304	2.69613e-05
0.30	6.94973e-05	9.91309e-05	6.93433e-05	0.000120827	2.69701e-05
0.32	7.38624e-05	0.000105613	7.38389e-05	0.000128741	2.67445e-05
0.34	7.71631e-05	0.000112462	7.86465e-05	0.000136955	2.67252e-05
0.36	7.95945e-05	0.000119401	8.3557e-05	0.000144175	2.6797e-05
0.38	8.0832e-05	0.000123563	8.86038e-05	0.000143764	2.68305e-05
0.40	8.13906e-05	0.000124248	9.34473e-05	
0.42	8.18747e-05	0.000124412	9.84903e-05
0.44	8.25906e-05	0.000125434	0.000103295
0.46	8.20646e-05	0.000124065	0.000108304
0.48	8.22866e-05	0.000125518	0.000113087
0.50	8.21777e-05	0.000101956	0.000118202
0.52	8.27982e-05	0.00010091	0.000122848
